128
283
806
827
862
578
408
580
372
744
663
879
780
196
531
148
672
964
784
753
473
757
729
58
596
66
246
975
730
472
344
685
998
490
108
832
813
976
103
303
281
357
873
768
478
769
69
477
217
844
352
239
373
989
952
171
103
970
87
370
13
280
808
253
387
622
337
88
374
989
145
407
165
378
228
191
829
455
357
294
771
350
3
989
319
704
711
580
239
574
453
335
633
94
137
600
774
895
964
838
395
496
551
572
482
862
375
932
833
141
993
454
424
178
680
59
729
686
149
279
147
29
847
463
775
552
979
279
855
647
405
559
555
651
592
639
599
827
602
624
626
917
604
509
479
72
968
890
545
687
204
723
723
912
574
889
454
494
472
73
542
868
950
813
135
572
333
375
171
103
534
674
640
605
836
403
456
967
395
161
849
195
297
761
310
79
649
61
821
730
5
158
427
136
292
703
477
116
93
244
1000
875
43
803
675
70
129
81
323
848
824
400
551
201
646
936
470
42
961
972
558
642
301
406
390
377
770
645
526
179
985
870
637
983
336
273
827
376
413
878
497
123
295
680
861
970
491
488
978
969
342
925
712
511
798
618
920
944
358
600
826
88
377
574
314
850
30
662
328
858
941
523
912
16
490
616
354
430
863
50
290
75
191
1000
394
425
496
521
791
468
976
375
218
445
660
835
15
790
149
858
939
54
692
974
649
406
30
136
206
85
515
948
382
234
620
125
550
440
884
772
228
543
881
19
908
584
787
830
404
233
356
60
322
538
199
121
773
295
110
712
889
639
527
209
374
668
615
773
259
116
778
953
136
575
505
426
937
346
661
430
362
964
955
476
903
623
257
244
330
497
400
129
243
763
466
782
139
490
333
959
897
748
713
346
401
861
455
38
410
539
515
131
983
655
427
698
8
53
912
853
282
253
908
250
172
939
692
13
763
931
41
244
904
602
18
391
129
513
212
607
566
243
604
429
580
793
124
22
31
916
540
318
107
155
819
716
948
845
359
477
15
41
177
499
857
212
812
222
870
835
127
891
172
273
441
445
145
60
805
665
659
427
470
775
967
146
725
710
371
130
568
142
648
290
589
676
394
851
704
137
626
714
265
36
366
647
561
994
423
950
639
779
483
147
126
214
468
292
321
496
913
249
58
673
628
735
766
271
988
294
93
359
147
392
25
193
115
187
526
356
836
848
433
666
625
68
651
861
204
543
16
882
39
860
210
893
605
320
68
557
943
519
172
345
867
227
984
291
219
918
149
668
794
722
636
640
804
454
982
331
446
436
321
989
347
353
811
858
209
109
30
885
396
308
389
406
433
236
126
641
77
600
344
833
151
963
103
556
876
769
78
937
986
163
925
480
39
394
59
481
290
750
829
151
849
878
447
318
709
251
74
795
387
32
439
611
981
781
99
119
689
285
156
686
528
732
619
331
377
845
250
673
142
546
816
564
872
949
843
554
7
759
93
617
212
448
857
227
803
270
760
40
531
937
759
210
992
574
140
63
459
610
169
970
279
386
680
643
863
513
96
744
855
602
854
52
217
118
47
832
121
415
397
879
682
238
384
142
514
475
864
275
211
563
624
604
660
46
820
452
56
297
751
451
765
970
438
587
360
515
945
506
886
784
195
204
326
364
855
504
446
33
38
343
163
310
982
272
997
422
509
368
50
463
375
160
697
944
28
255
738
151
278
257
268
65
513
432
711
531
483
250
588
809
86
956
674
965
564
294
146
762
659
542
972
513
793
57
291
724
753
399
975
737
566
22
882
66
584
754
150
458
605
28
492
874
73
880
704
374
785
220
251
433
589
974
856
616
620
485
940
94
380
675
64
259
50
664
560
250
815
442
553
299
884
645
623
494
471
662
276
122
318
996
600
693
27
440
261
444
265
252
482
261
87
51
595
667
530
744
351
130
255
545
202
244
937
605
659
283
624
387
248
64
555
493
465
148
575
29
115
941
856
791
438
250
151
504
457
418
597
213
517
642
56
422
671
222
939
340
265
979
50
225
843
258
983
815
870
991
6
140
178
18
80
997
617
973
798
625
675
472
100
255
771
74
849
513
370
897
91
443
554
132
144
655
581
798
578
923
984
605
971
718
42
92
650
462
201
462
124
14
800
757
374
446
41
298
602
35
841
437
849
969
620
254
472
702
351
213
341
8
957
424
292
18
899
315
301
171
128
101
400
351
519
704
84
291
472
609
692
515
390
209
460
134
473
371
242
164
103
71
64
191
694
534
433
840
470
343
26
571
549
930
3
629
586
19
382
989
